1	2
1	3
1	4
1	5
1	6
1	7
1	8
1	9
1	10
1	11
1	12
1	13
1	14
1	15
1	16
1	17
1	18
1	19
1	20
1	21
1	22
1	23
1	24
1	25
1	26
1	27
1	28
1	29
1	30
1	31
1	32
1	33
1	34
1	35
1	36
1	37
1	38
1	39
1	40
1	41
1	42
1	43
1	44
1	45
1	46
1	47
1	48
1	49
1	50
1	51
1	52
1	53
1	54
1	55
1	56
1	57
1	58
1	59
1	60
1	61
1	62
1	63
1	64
1	65
1	66
1	67
1	68
1	69
1	70
1	71
1	72
1	73
1	74
1	75
1	76
1	77
1	78
1	79
1	80
1	81
1	82
1	83
1	84
1	85
1	86
1	87
1	88
1	89
1	90
1	91
1	92
1	93
1	94
1	95
2	3
2	4
2	5
2	6
2	7
2	8
2	9
2	10
2	11
2	12
2	13
2	14
2	15
2	16
2	17
2	18
2	19
2	20
2	21
2	22
2	23
2	24
2	25
2	26
2	27
2	28
2	29
2	30
2	31
2	32
2	34
2	35
2	36
2	37
2	38
2	39
2	42
2	43
2	44
2	46
2	47
2	51
2	52
2	55
2	56
2	57
2	58
2	59
2	61
2	62
2	63
2	64
2	66
2	67
2	68
2	69
2	70
2	71
2	74
2	75
2	77
2	81
2	83
2	87
2	90
2	96
2	97
2	98
2	99
2	100
2	101
2	102
2	103
2	104
2	105
2	106
2	107
2	108
2	109
2	110
2	111
2	112
2	113
2	114
2	115
2	116
2	117
2	118
2	119
2	120
2	121
2	122
2	123
2	124
2	125
2	126
3	4
3	5
3	6
3	7
3	8
3	9
3	10
3	11
3	12
3	13
3	14
3	15
3	16
3	17
3	18
3	19
3	20
3	22
3	23
3	24
3	25
3	26
3	27
3	28
3	29
3	30
3	31
3	32
3	33
3	34
3	35
3	36
3	37
3	38
3	39
3	40
3	41
3	42
3	43
3	44
3	45
3	46
3	47
3	48
3	49
3	50
3	51
3	52
3	53
3	54
3	55
3	56
3	57
3	58
3	59
3	60
3	61
3	62
3	64
3	65
3	66
3	67
3	68
3	69
3	71
3	72
3	73
3	74
3	75
3	77
3	78
3	80
3	81
3	85
3	87
3	88
3	90
3	92
3	94
3	126
4	5
4	6
4	7
4	8
4	9
4	10
4	11
4	12
4	13
4	14
4	15
4	16
4	17
4	18
4	19
4	20
4	21
4	22
4	23
4	24
4	25
4	26
4	27
4	28
4	29
4	30
4	31
4	32
4	34
4	35
4	36
4	37
4	38
4	39
4	42
4	43
4	44
4	46
4	47
4	50
4	52
4	55
4	56
4	57
4	58
4	59
4	61
4	62
4	63
4	64
4	67
4	68
4	69
4	70
4	71
4	74
4	77
4	83
4	90
4	94
4	96
4	98
4	99
4	100
4	103
4	106
4	107
4	108
4	109
4	111
4	113
4	114
4	117
4	121
4	123
4	124
4	125
4	126
5	6
5	7
5	8
5	9
5	10
5	11
5	12
5	13
5	14
5	15
5	16
5	17
5	18
5	19
5	20
5	21
5	24
5	25
5	26
5	27
5	30
5	32
5	34
5	36
5	38
5	42
5	44
5	46
5	51
5	52
5	55
5	61
5	62
5	63
5	66
5	67
5	68
5	69
5	70
5	74
5	75
5	83
5	96
5	97
5	98
5	99
5	100
5	101
5	102
5	103
5	104
5	105
5	106
5	107
5	108
5	109
5	110
5	111
5	112
5	113
5	114
5	115
5	116
5	117
5	118
5	119
5	120
5	121
5	123
5	124
5	125
5	126
5	127
5	128
5	129
5	130
5	131
5	132
5	133
5	134
5	135
5	136
5	137
5	138
5	139
5	140
5	141
5	142
5	143
5	144
5	145
5	146
5	147
6	7
6	8
6	9
6	10
6	11
6	12
6	13
6	14
6	15
6	16
6	17
6	18
6	19
6	20
6	21
6	24
6	25
6	26
6	27
6	30
6	32
6	34
6	36
6	38
6	42
6	44
6	46
6	51
6	52
6	55
6	56
6	61
6	62
6	63
6	66
6	67
6	68
6	69
6	70
6	74
6	77
6	83
6	87
6	90
6	96
6	97
6	98
6	99
6	100
6	101
6	102
6	103
6	104
6	105
6	106
6	107
6	108
6	109
6	110
6	111
6	112
6	113
6	114
6	116
6	117
6	118
6	119
6	120
6	121
6	122
6	123
6	124
6	134
6	139
6	143
6	146
7	8
7	9
7	10
7	11
7	12
7	13
7	14
7	15
7	16
7	17
7	18
7	19
7	20
7	21
7	22
7	23
7	24
7	25
7	26
7	28
7	29
7	30
7	31
7	32
7	34
7	35
7	36
7	37
7	38
7	39
7	42
7	43
7	44
7	46
7	47
7	51
7	52
7	55
7	56
7	57
7	58
7	59
7	61
7	62
7	64
7	66
7	67
7	68
7	69
7	70
7	71
7	74
7	77
7	81
7	83
7	90
7	94
7	106
7	108
7	114
7	124
7	126
8	9
8	10
8	11
8	12
8	13
8	14
8	15
8	16
8	17
8	18
8	19
8	20
8	21
8	22
8	23
8	24
8	25
8	26
8	27
8	28
8	29
8	30
8	31
8	32
8	33
8	34
8	35
8	36
8	37
8	38
8	39
8	40
8	42
8	43
8	44
8	45
8	46
8	47
8	51
8	52
8	55
8	56
8	57
8	58
8	59
8	61
8	62
8	64
8	66
8	67
8	68
8	70
8	71
8	72
8	74
8	75
8	77
8	79
8	80
8	81
8	83
8	84
8	86
8	87
8	90
8	91
8	106
8	114
8	124
8	126
9	10
9	11
9	12
9	13
9	14
9	15
9	16
9	17
9	18
9	19
9	20
9	21
9	22
9	23
9	24
9	25
9	26
9	28
9	29
9	30
9	31
9	32
9	33
9	34
9	35
9	36
9	37
9	38
9	39
9	40
9	41
9	42
9	43
9	44
9	46
9	47
9	48
9	49
9	50
9	51
9	52
9	53
9	54
9	55
9	56
9	57
9	58
9	59
9	60
9	61
9	62
9	64
9	66
9	67
9	68
9	69
9	70
9	71
9	74
9	76
9	77
9	79
9	81
9	82
9	89
9	90
9	94
9	96
9	98
9	106
9	117
10	11
10	12
10	13
10	14
10	15
10	16
10	17
10	18
10	19
10	20
10	22
10	23
10	24
10	25
10	26
10	27
10	28
10	29
10	30
10	31
10	32
10	34
10	35
10	36
10	37
10	38
10	39
10	42
10	43
10	44
10	46
10	47
10	51
10	52
10	55
10	56
10	57
10	58
10	59
10	61
10	62
10	63
10	64
10	66
10	67
10	68
10	69
10	70
10	71
10	74
10	75
10	77
10	81
10	83
10	90
10	94
10	106
10	108
10	113
10	126
11	12
11	13
11	14
11	15
11	16
11	17
11	18
11	19
11	20
11	22
11	23
11	24
11	25
11	26
11	27
11	28
11	29
11	30
11	31
11	32
11	34
11	35
11	37
11	38
11	39
11	42
11	43
11	46
11	47
11	51
11	52
11	55
11	56
11	57
11	58
11	59
11	61
11	62
11	64
11	66
11	67
11	68
11	69
11	71
11	74
11	77
11	87
11	90
11	94
12	13
12	14
12	15
12	16
12	17
12	18
12	19
12	20
12	21
12	22
12	23
12	24
12	25
12	26
12	27
12	29
12	30
12	32
12	34
12	36
12	37
12	38
12	42
12	43
12	44
12	46
12	47
12	51
12	52
12	55
12	56
12	59
12	61
12	62
12	63
12	64
12	66
12	67
12	68
12	69
12	70
12	71
12	74
12	75
12	77
12	81
12	83
12	90
12	96
12	98
12	99
12	100
12	103
12	106
12	107
12	108
12	111
12	113
12	114
12	117
12	121
12	123
12	124
12	125
12	126
13	14
13	15
13	16
13	17
13	18
13	19
13	22
13	23
13	24
13	25
13	26
13	27
13	28
13	29
13	30
13	31
13	32
13	33
13	34
13	35
13	36
13	37
13	38
13	39
13	40
13	41
13	42
13	43
13	44
13	45
13	46
13	47
13	48
13	49
13	50
13	51
13	52
13	53
13	54
13	55
13	56
13	57
13	58
13	59
13	60
13	61
13	62
13	64
13	65
13	67
13	68
13	69
13	71
13	72
13	73
13	74
13	75
13	76
13	77
13	78
13	80
13	81
13	82
13	84
13	85
13	86
13	88
13	91
13	92
13	93
13	94
14	15
14	16
14	17
14	18
14	19
14	22
14	23
14	24
14	26
14	27
14	28
14	29
14	30
14	31
14	32
14	33
14	34
14	35
14	37
14	38
14	39
14	40
14	43
14	44
14	46
14	47
14	50
14	55
14	56
14	58
14	59
14	61
14	62
14	64
14	67
14	68
14	69
14	71
14	74
14	75
14	76
14	77
14	79
14	82
14	89
14	94
14	126
15	16
15	17
15	18
15	19
15	22
15	23
15	26
15	28
15	29
15	30
15	31
15	32
15	33
15	34
15	35
15	37
15	38
15	39
15	40
15	41
15	43
15	45
15	46
15	47
15	48
15	49
15	50
15	52
15	53
15	54
15	55
15	56
15	57
15	58
15	59
15	60
15	61
15	62
15	64
15	65
15	67
15	68
15	69
15	71
15	72
15	73
15	74
15	77
15	78
15	88
15	94
16	17
16	18
16	19
16	20
16	21
16	24
16	25
16	26
16	27
16	34
16	36
16	38
16	42
16	44
16	51
16	52
16	62
16	68
16	70
16	75
16	96
16	97
16	98
16	99
16	100
16	101
16	102
16	103
16	104
16	105
16	106
16	107
16	108
16	109
16	111
16	113
16	114
16	116
16	117
16	118
16	119
16	121
16	124
16	126
16	139
16	143
16	146
17	18
17	19
17	20
17	22
17	23
17	24
17	25
17	26
17	27
17	28
17	29
17	30
17	31
17	32
17	33
17	34
17	35
17	36
17	37
17	38
17	39
17	40
17	43
17	44
17	45
17	46
17	47
17	50
17	51
17	52
17	54
17	55
17	56
17	58
17	59
17	61
17	62
17	64
17	68
17	69
17	70
17	75
17	76
17	79
17	82
17	88
17	89
17	94
17	106
17	126
18	19
18	20
18	21
18	22
18	23
18	24
18	25
18	26
18	27
18	29
18	30
18	32
18	34
18	36
18	38
18	39
18	42
18	43
18	44
18	46
18	47
18	51
18	52
18	56
18	58
18	59
18	61
18	62
18	63
18	64
18	66
18	68
18	69
18	70
18	75
18	83
18	96
18	98
18	99
18	100
18	101
18	104
18	105
18	106
18	107
18	108
18	109
18	111
18	114
18	116
18	118
18	119
18	121
18	126
19	22
19	23
19	24
19	26
19	27
19	28
19	29
19	30
19	31
19	32
19	33
19	34
19	35
19	36
19	37
19	38
19	39
19	40
19	41
19	43
19	44
19	45
19	46
19	47
19	48
19	49
19	50
19	51
19	53
19	54
19	55
19	56
19	57
19	58
19	59
19	61
19	64
19	65
19	68
19	69
19	71
19	75
19	76
19	77
19	79
19	81
19	82
19	88
19	89
19	93
19	94
20	21
20	24
20	25
20	26
20	27
20	36
20	38
20	42
20	44
20	51
20	52
20	62
20	63
20	66
20	69
20	70
20	83
20	87
20	96
20	97
20	98
20	99
20	100
20	101
20	102
20	103
20	104
20	105
20	106
20	107
20	108
20	109
20	110
20	111
20	112
20	113
20	114
20	115
20	116
20	117
20	118
20	119
20	120
20	121
20	122
20	123
20	124
20	130
20	131
20	134
20	136
20	137
20	138
20	141
20	145
20	180
20	181
20	233
21	25
21	26
21	27
21	36
21	42
21	44
21	69
21	96
21	97
21	98
21	99
21	100
21	101
21	102
21	103
21	104
21	105
21	106
21	107
21	108
21	109
21	110
21	111
21	112
21	114
21	115
21	116
21	117
21	118
21	119
21	120
21	122
21	123
21	127
21	128
21	129
21	130
21	131
21	132
21	133
21	134
21	135
21	136
21	137
21	138
21	140
21	141
21	144
21	145
21	147
21	172
21	180
21	181
21	233
21	235
21	238
22	23
22	28
22	29
22	30
22	31
22	32
22	33
22	34
22	35
22	37
22	38
22	39
22	40
22	41
22	43
22	45
22	47
22	48
22	49
22	50
22	53
22	54
22	55
22	56
22	57
22	58
22	59
22	60
22	61
22	64
22	69
22	71
22	72
22	73
22	76
22	79
22	81
22	82
22	85
22	89
22	92
22	93
22	94
23	28
23	29
23	30
23	31
23	32
23	33
23	34
23	35
23	37
23	39
23	40
23	41
23	43
23	45
23	47
23	48
23	49
23	50
23	53
23	54
23	57
23	58
23	59
23	60
23	64
23	65
23	71
23	72
23	73
23	76
23	78
23	79
23	80
23	82
23	84
23	86
23	89
23	91
23	93
23	95
24	25
24	26
24	27
24	34
24	36
24	38
24	42
24	44
24	51
24	52
24	62
24	63
24	66
24	68
24	70
24	75
24	96
24	98
24	99
24	100
24	103
24	106
24	107
24	108
24	109
24	111
24	113
24	114
24	117
24	119
24	121
24	123
24	124
24	125
24	126
24	139
24	143
24	146
25	26
25	27
25	32
25	36
25	37
25	38
25	42
25	44
25	46
25	51
25	52
25	56
25	63
25	66
25	69
25	70
25	81
25	83
25	87
25	96
25	97
25	98
25	99
25	100
25	101
25	102
25	103
25	104
25	105
25	106
25	107
25	108
25	110
25	111
25	112
25	114
25	115
25	116
25	118
25	119
25	120
25	122
25	131
25	134
25	137
25	138
25	238
26	27
26	30
26	32
26	36
26	38
26	42
26	44
26	46
26	52
26	55
26	56
26	61
26	62
26	63
26	67
26	68
26	69
26	70
26	74
26	77
26	90
26	96
26	98
26	99
26	100
26	101
26	102
26	103
26	104
26	105
26	106
26	108
26	109
26	113
26	114
26	116
26	117
26	118
26	119
26	121
26	123
26	125
27	36
27	42
27	44
27	63
27	68
27	75
27	96
27	97
27	98
27	99
27	100
27	101
27	102
27	103
27	104
27	105
27	106
27	107
27	108
27	109
27	110
27	111
27	112
27	113
27	115
27	116
27	117
27	118
27	121
27	127
27	128
27	129
27	130
27	131
27	132
27	133
27	134
27	135
27	136
27	137
27	138
27	140
27	142
27	144
27	147
27	172
27	180
27	181
27	233
27	235
27	238
28	29
28	30
28	31
28	32
28	33
28	35
28	37
28	39
28	40
28	41
28	43
28	45
28	47
28	48
28	49
28	50
28	53
28	54
28	57
28	58
28	59
28	60
28	65
28	72
28	73
28	76
28	79
28	80
28	82
28	84
28	86
28	88
28	89
28	91
29	30
29	31
29	32
29	33
29	34
29	35
29	37
29	39
29	40
29	41
29	43
29	45
29	47
29	48
29	49
29	50
29	53
29	54
29	57
29	58
29	59
29	60
29	64
29	65
29	69
29	71
29	72
29	73
29	76
29	77
29	78
29	79
29	80
29	82
29	84
29	86
29	88
29	89
29	91
29	93
29	94
29	95
30	31
30	32
30	33
30	34
30	35
30	37
30	39
30	40
30	41
30	43
30	45
30	46
30	47
30	48
30	49
30	50
30	54
30	55
30	56
30	57
30	59
30	60
30	61
30	64
30	65
30	69
30	71
30	72
30	76
30	78
30	79
30	80
30	82
30	84
30	86
30	88
30	89
30	91
30	95
31	32
31	33
31	35
31	37
31	39
31	40
31	41
31	43
31	45
31	47
31	48
31	49
31	50
31	53
31	54
31	57
31	59
31	60
31	65
31	71
31	72
31	73
31	78
31	79
31	80
31	84
31	85
31	86
31	88
31	91
31	92
31	95
32	34
32	35
32	37
32	38
32	39
32	43
32	46
32	47
32	50
32	56
32	57
32	58
32	59
32	61
32	64
32	81
33	35
33	37
33	40
33	41
33	43
33	45
33	48
33	49
33	50
33	53
33	54
33	57
33	60
33	65
33	71
33	72
33	73
33	76
33	78
33	79
33	80
33	82
33	84
33	85
33	86
33	88
33	89
33	91
33	92
33	93
33	95
34	37
34	38
34	39
34	43
34	46
34	47
34	56
34	58
34	59
34	64
34	69
34	71
34	77
34	81
34	94
35	37
35	39
35	40
35	41
35	43
35	45
35	48
35	49
35	50
35	53
35	54
35	57
35	58
35	59
35	60
35	65
35	72
35	73
35	76
35	79
35	80
35	82
35	84
35	86
35	91
35	93
35	95
36	38
36	42
36	44
36	51
36	52
36	62
36	70
36	75
36	96
36	97
36	98
36	99
36	100
36	101
36	102
36	103
36	104
36	105
36	106
36	108
36	110
36	111
36	112
36	113
36	114
36	117
36	118
36	124
36	134
37	39
37	40
37	41
37	43
37	45
37	46
37	47
37	48
37	49
37	50
37	53
37	54
37	56
37	57
37	59
37	60
37	64
37	65
37	76
37	79
37	81
37	82
37	89
38	42
38	43
38	44
38	46
38	47
38	51
38	52
38	55
38	56
38	58
38	61
38	62
38	66
38	68
38	70
38	75
38	81
38	87
38	126
39	43
39	47
39	50
39	59
39	64
40	41
40	45
40	48
40	49
40	50
40	53
40	54
40	57
40	60
40	65
40	72
40	73
40	76
40	78
40	79
40	80
40	82
40	84
40	86
40	89
40	91
40	93
41	43
41	45
41	48
41	49
41	50
41	53
41	57
41	60
41	65
41	72
41	73
41	78
41	79
41	80
41	84
41	86
41	91
41	95
42	44
42	51
42	52
42	66
42	68
42	87
42	96
42	97
42	98
42	99
42	100
42	101
42	102
42	103
42	106
42	107
42	108
42	109
42	111
42	113
42	114
42	116
42	117
42	118
42	119
43	45
43	47
43	48
43	50
43	53
43	56
43	57
43	58
43	59
43	64
43	69
43	71
43	73
43	77
43	81
43	88
43	94
44	51
44	52
44	63
44	66
44	68
44	70
44	75
44	83
44	96
44	99
44	100
44	106
44	108
44	109
44	114
44	124
44	139
44	143
44	146
45	48
45	49
45	50
45	53
45	54
45	57
45	60
45	65
45	71
45	72
45	78
45	79
45	80
45	84
45	85
45	86
45	88
45	91
45	92
45	93
45	95
46	52
46	55
46	56
46	61
46	62
46	67
46	68
46	74
46	81
47	58
47	59
47	64
47	69
47	71
47	81
48	49
48	50
48	53
48	54
48	57
48	60
48	65
48	71
48	72
48	73
48	78
48	79
48	80
48	85
48	92
49	50
49	53
49	54
49	57
49	58
49	60
49	65
49	71
49	76
49	78
49	79
49	80
49	82
49	93
50	53
50	54
50	57
50	58
50	60
50	65
50	71
50	72
50	73
50	76
50	78
50	80
50	82
50	84
50	86
50	91
50	95
51	52
51	66
51	68
51	75
51	87
52	55
52	62
52	63
52	66
52	67
52	68
52	70
52	74
52	83
52	87
52	106
52	108
53	57
53	60
53	65
53	71
53	72
53	73
53	78
53	85
53	92
54	57
54	58
54	60
54	71
54	76
54	78
54	80
54	82
54	93
55	56
55	57
55	61
55	62
55	64
55	67
55	68
55	74
56	57
56	61
56	62
56	67
56	74
56	77
56	81
56	90
57	60
57	61
57	64
57	65
57	71
57	72
57	73
57	78
57	79
57	80
57	84
57	86
57	91
57	95
58	59
58	64
58	76
58	81
58	82
58	94
59	64
59	69
59	94
60	65
60	71
60	72
60	78
60	79
60	80
60	84
60	86
60	91
60	95
61	64
62	67
62	68
62	70
62	74
62	126
63	83
63	96
63	97
63	98
63	99
63	101
63	102
63	104
63	105
63	107
63	108
63	109
63	110
63	112
63	115
63	117
63	121
63	123
63	125
63	130
63	131
63	133
63	134
63	136
63	235
63	237
64	69
64	71
65	72
65	73
65	79
65	80
65	84
65	86
65	91
65	95
66	87
67	68
67	74
67	77
67	90
68	74
68	75
69	71
69	96
69	97
69	98
69	99
69	101
69	102
69	103
69	105
69	107
69	108
69	114
69	116
70	83
71	72
71	77
71	78
71	80
71	85
71	92
72	79
72	80
72	84
72	85
72	86
72	91
72	92
72	95
76	79
76	82
76	89
77	90
78	80
79	80
79	82
79	84
79	86
79	89
79	91
80	84
80	86
80	91
82	89
84	86
84	91
84	95
85	92
86	91
86	95
91	95
96	97
96	98
96	99
96	100
96	101
96	102
96	103
96	104
96	105
96	106
96	107
96	108
96	109
96	110
96	111
96	112
96	113
96	114
96	115
96	116
96	117
96	118
96	119
96	121
96	127
96	128
96	129
96	130
96	131
96	132
96	133
96	134
96	135
96	136
96	137
96	138
96	140
96	141
96	142
96	145
96	147
96	150
96	158
96	160
96	168
96	170
96	172
96	180
96	181
96	182
96	188
96	196
96	197
96	232
96	233
96	234
96	235
96	236
96	237
96	238
97	98
97	99
97	100
97	101
97	102
97	103
97	104
97	105
97	106
97	107
97	108
97	109
97	110
97	111
97	112
97	114
97	116
97	117
97	118
97	119
97	120
97	122
97	123
97	127
97	128
97	129
97	130
97	131
97	132
97	133
97	134
97	135
97	136
97	137
97	138
97	140
97	141
97	145
97	147
97	148
97	150
97	153
97	156
97	158
97	159
97	160
97	165
97	166
97	168
97	170
97	172
97	174
97	175
97	176
97	178
97	180
97	181
97	182
97	186
97	187
97	188
97	191
97	196
97	197
97	210
97	211
97	232
97	233
97	234
97	235
97	236
97	237
97	238
97	239
97	240
97	241
97	242
97	243
97	244
98	99
98	100
98	101
98	102
98	103
98	104
98	105
98	106
98	107
98	108
98	109
98	110
98	111
98	112
98	113
98	114
98	115
98	116
98	117
98	118
98	119
98	121
98	127
98	128
98	129
98	130
98	131
98	132
98	133
98	134
98	135
98	136
98	137
98	142
98	144
98	147
98	148
98	150
98	156
98	158
98	160
98	165
98	166
98	168
98	170
98	172
98	174
98	176
98	178
98	180
98	181
98	182
98	187
98	188
98	191
98	196
98	197
98	210
98	211
98	232
98	233
98	234
98	235
98	236
98	237
98	242
98	243
98	245
98	246
99	100
99	101
99	102
99	103
99	104
99	105
99	106
99	107
99	108
99	109
99	110
99	111
99	112
99	113
99	114
99	115
99	116
99	117
99	118
99	119
99	120
99	121
99	122
99	123
99	125
99	127
99	128
99	129
99	130
99	131
99	132
99	133
99	134
99	135
99	136
99	137
99	138
99	141
99	144
99	145
99	160
99	170
99	172
99	180
99	181
99	182
99	210
99	233
99	235
99	238
99	246
100	101
100	102
100	103
100	104
100	105
100	106
100	107
100	108
100	109
100	110
100	111
100	112
100	114
100	115
100	116
100	117
100	118
100	119
100	120
100	122
100	123
100	127
100	128
100	129
100	130
100	131
100	132
100	133
100	134
100	135
100	142
100	144
100	148
100	150
100	156
100	158
100	160
100	165
100	168
100	170
100	172
100	174
100	176
100	178
100	180
100	181
100	182
100	187
100	188
100	191
100	196
100	197
100	210
100	211
100	232
100	233
100	234
100	235
100	236
100	242
100	243
100	244
100	245
100	246
100	247
101	102
101	103
101	104
101	105
101	106
101	107
101	108
101	109
101	110
101	111
101	112
101	114
101	115
101	116
101	118
101	119
101	120
101	122
101	123
101	127
101	128
101	129
101	130
101	131
101	132
101	133
101	134
101	135
101	136
101	137
101	142
101	147
101	150
101	158
101	160
101	168
101	170
101	172
101	178
101	180
101	181
101	182
101	188
101	232
101	233
101	234
101	235
101	236
101	237
101	244
102	103
102	104
102	105
102	106
102	107
102	108
102	109
102	110
102	111
102	112
102	114
102	115
102	116
102	117
102	118
102	119
102	127
102	128
102	129
102	130
102	131
102	132
102	133
102	134
102	135
102	136
102	137
102	138
102	140
102	141
102	142
102	144
102	145
102	147
102	150
102	158
102	160
102	168
102	170
102	172
102	178
102	180
102	181
102	182
102	188
102	232
102	233
102	234
102	236
102	244
102	245
103	104
103	105
103	106
103	107
103	108
103	109
103	110
103	111
103	112
103	114
103	115
103	116
103	118
103	119
103	120
103	122
103	127
103	128
103	129
103	130
103	131
103	132
103	133
103	134
103	136
103	137
103	138
103	141
103	145
103	148
103	150
103	156
103	158
103	160
103	165
103	166
103	168
103	170
103	172
103	174
103	176
103	178
103	180
103	181
103	182
103	187
103	188
103	191
103	197
103	210
103	211
103	232
103	233
103	235
103	236
103	238
103	242
103	243
103	245
103	246
104	105
104	106
104	107
104	108
104	109
104	110
104	111
104	112
104	115
104	116
104	117
104	118
104	120
104	122
104	127
104	128
104	129
104	130
104	131
104	132
104	133
104	134
104	135
104	136
104	137
104	140
104	142
104	147
104	150
104	156
104	158
104	160
104	165
104	170
104	172
104	174
104	176
104	178
104	180
104	181
104	182
104	188
104	191
104	196
104	197
104	210
104	211
104	232
104	233
104	234
104	235
104	237
104	247
105	106
105	107
105	108
105	109
105	110
105	111
105	112
105	114
105	115
105	116
105	117
105	118
105	119
105	127
105	128
105	130
105	131
105	132
105	133
105	134
105	135
105	136
105	137
105	138
105	140
105	141
105	145
105	235
106	107
106	108
106	110
106	111
106	113
106	114
106	115
106	116
106	117
106	118
106	119
106	120
106	122
106	123
106	124
106	131
106	132
106	136
106	139
106	143
106	146
107	108
107	109
107	110
107	111
107	112
107	113
107	114
107	115
107	116
107	117
107	118
107	119
107	120
107	121
107	123
107	127
107	128
107	129
107	130
107	131
107	132
107	133
107	134
107	135
107	136
107	137
107	144
107	150
107	158
107	160
107	168
107	170
107	172
107	180
107	181
107	182
107	188
107	196
107	197
107	232
107	233
107	234
108	109
108	110
108	111
108	112
108	113
108	114
108	116
108	117
108	118
108	119
108	121
108	123
108	124
108	125
108	131
108	133
108	134
108	136
108	139
108	143
108	146
108	235
109	111
109	112
109	115
109	116
109	119
109	127
109	128
109	129
109	130
109	131
109	132
109	134
109	135
109	136
109	147
109	150
109	158
109	160
109	170
109	172
109	180
109	181
109	182
109	232
109	233
109	234
109	235
109	237
109	245
110	111
110	112
110	115
110	116
110	118
110	120
110	122
110	131
110	132
110	133
110	134
110	136
110	137
110	138
110	142
110	235
110	238
111	113
111	117
111	118
111	121
111	127
111	128
111	131
111	132
111	135
111	140
112	115
112	120
112	122
112	130
112	131
112	133
112	134
112	136
112	142
112	235
112	237
113	117
113	121
114	116
114	118
114	119
114	124
114	139
114	143
114	146
115	116
115	118
115	127
115	128
115	129
115	130
115	131
115	132
115	133
115	135
115	136
115	144
115	150
115	160
115	166
115	168
115	170
115	172
115	174
115	180
115	181
115	186
115	188
115	233
115	240
115	373
116	118
116	119
116	131
116	132
116	136
117	121
117	123
117	125
117	132
117	135
117	140
118	119
118	131
118	132
118	136
118	137
118	138
118	238
120	122
120	123
121	123
121	125
123	125
124	139
124	143
124	146
127	128
127	129
127	130
127	132
127	135
127	144
127	148
127	149
127	150
127	151
127	153
127	156
127	158
127	159
127	160
127	165
127	166
127	167
127	168
127	169
127	170
127	172
127	174
127	175
127	176
127	178
127	179
127	180
127	182
127	184
127	186
127	187
127	191
127	196
127	197
127	217
127	222
127	235
128	129
128	130
128	131
128	133
128	148
128	150
128	156
128	158
128	160
128	165
128	166
128	168
128	170
128	172
128	173
128	174
128	178
128	180
128	181
128	182
128	184
128	186
128	188
128	191
128	196
128	197
128	200
128	208
128	210
128	211
128	232
128	233
128	236
128	239
128	240
128	241
128	242
128	244
128	246
128	373
128	665
128	666
129	130
129	133
129	148
129	150
129	156
129	158
129	160
129	165
129	168
129	170
129	172
129	174
129	178
129	180
129	181
129	182
129	188
129	196
129	197
129	210
129	232
129	233
129	236
129	244
129	245
129	246
130	131
130	132
130	135
130	136
130	144
130	172
130	180
130	181
130	233
130	235
130	237
131	132
131	134
131	136
131	137
131	138
131	141
131	145
131	160
131	170
131	172
131	181
131	232
131	233
131	235
131	237
131	238
132	135
132	136
132	140
132	144
132	235
133	134
133	142
133	160
133	180
133	182
133	188
133	196
133	197
133	235
134	136
134	137
134	138
134	141
134	145
135	140
135	144
135	147
135	235
136	137
136	138
136	141
136	145
136	235
136	237
137	138
137	141
137	145
137	238
138	141
138	145
138	238
139	143
139	146
141	145
143	146
148	149
148	150
148	151
148	152
148	153
148	154
148	155
148	156
148	157
148	158
148	159
148	160
148	161
148	162
148	163
148	164
148	165
148	166
148	167
148	168
148	169
148	170
148	171
148	172
148	173
148	174
148	175
148	176
148	177
148	178
148	179
148	180
148	181
148	182
148	183
148	184
148	185
148	186
148	187
148	188
148	189
148	190
148	191
148	192
148	193
148	194
148	195
148	196
148	197
148	198
148	199
148	200
148	201
148	202
148	203
148	204
148	205
148	206
148	207
148	208
148	209
148	210
148	211
148	212
148	213
148	214
148	215
148	216
148	217
148	218
148	219
148	220
148	221
148	222
148	223
148	224
148	225
148	226
148	227
148	228
148	229
148	230
148	231
149	150
149	151
149	152
149	153
149	154
149	155
149	156
149	157
149	158
149	159
149	160
149	161
149	162
149	163
149	164
149	165
149	166
149	167
149	168
149	169
149	170
149	171
149	172
149	173
149	174
149	175
149	176
149	177
149	178
149	179
149	183
149	184
149	185
149	186
149	187
149	188
149	189
149	190
149	191
149	192
149	193
149	194
149	195
149	196
149	198
149	199
149	200
149	201
149	202
149	204
149	205
149	206
149	207
149	208
149	209
149	212
149	213
149	214
149	215
149	216
149	217
149	218
149	221
149	222
149	224
149	225
149	226
149	227
149	230
149	231
149	248
149	249
149	250
149	251
149	252
149	253
149	254
149	255
149	256
149	257
149	258
149	259
149	260
149	261
149	262
149	263
149	264
150	151
150	152
150	153
150	154
150	156
150	157
150	158
150	159
150	160
150	161
150	162
150	163
150	165
150	166
150	167
150	168
150	169
150	170
150	171
150	172
150	173
150	174
150	175
150	176
150	178
150	179
150	180
150	181
150	182
150	183
150	184
150	186
150	187
150	188
150	191
150	196
150	197
150	200
150	205
150	207
150	208
150	209
150	210
150	211
150	214
150	216
150	217
150	218
150	222
150	226
150	227
150	228
150	229
150	232
150	233
150	234
150	236
150	239
150	240
150	241
150	242
150	243
150	244
150	373
151	152
151	153
151	154
151	155
151	156
151	157
151	158
151	159
151	161
151	162
151	163
151	164
151	165
151	166
151	167
151	168
151	169
151	171
151	173
151	175
151	176
151	177
151	179
151	183
151	184
151	185
151	186
151	187
151	189
151	190
151	191
151	192
151	193
151	194
151	195
151	196
151	198
151	199
151	200
151	201
151	202
151	203
151	204
151	205
151	206
151	207
151	208
151	209
151	211
151	213
151	214
151	215
151	217
151	218
151	219
151	220
151	221
151	222
151	223
151	225
151	227
151	248
151	249
151	250
151	251
151	252
151	253
151	254
151	255
151	256
151	257
151	259
151	260
151	261
151	262
151	263
151	374
151	375
151	376
151	377
151	378
151	379
151	380
152	153
152	154
152	155
152	156
152	157
152	158
152	159
152	160
152	161
152	162
152	163
152	164
152	165
152	166
152	167
152	168
152	169
152	170
152	171
152	172
152	173
152	175
152	176
152	177
152	178
152	179
152	181
152	183
152	184
152	185
152	186
152	187
152	189
152	190
152	192
152	193
152	194
152	195
152	198
152	199
152	201
152	202
152	203
152	204
152	205
152	206
152	207
152	208
152	209
152	212
152	213
152	214
152	215
152	217
152	219
152	220
152	221
152	223
152	225
152	231
152	249
152	250
152	251
152	252
152	255
152	256
152	257
152	258
152	260
152	261
152	263
152	264
152	377
153	154
153	155
153	156
153	157
153	158
153	159
153	160
153	161
153	162
153	163
153	164
153	165
153	166
153	167
153	168
153	169
153	170
153	171
153	172
153	173
153	174
153	175
153	176
153	178
153	179
153	183
153	184
153	185
153	186
153	187
153	189
153	190
153	191
153	192
153	193
153	194
153	195
153	196
153	197
153	199
153	200
153	201
153	203
153	204
153	205
153	206
153	207
153	208
153	209
153	212
153	213
153	214
153	215
153	216
153	218
153	220
153	222
153	223
153	230
153	231
153	261
153	263
153	519
153	520
153	521
153	522
154	155
154	156
154	157
154	158
154	159
154	161
154	162
154	163
154	164
154	165
154	166
154	167
154	169
154	171
154	173
154	175
154	177
154	179
154	183
154	185
154	186
154	189
154	190
154	192
154	193
154	194
154	195
154	198
154	199
154	201
154	202
154	203
154	204
154	205
154	206
154	207
154	209
154	212
154	213
154	214
154	215
154	218
154	221
154	224
154	231
154	248
154	249
154	250
154	251
154	252
154	253
154	254
154	256
154	257
154	260
154	261
154	262
154	374
154	375
154	378
154	523
155	157
155	158
155	159
155	161
155	162
155	163
155	164
155	167
155	169
155	171
155	175
155	177
155	183
155	185
155	189
155	190
155	192
155	193
155	194
155	195
155	198
155	199
155	200
155	201
155	202
155	204
155	205
155	206
155	207
155	211
155	212
155	221
155	224
155	248
155	249
155	250
155	251
155	252
155	253
155	254
155	255
155	256
155	257
155	258
155	259
155	260
155	261
155	262
155	264
155	374
155	375
155	376
155	377
155	378
155	379
155	380
155	392
155	393
155	396
155	401
155	408
155	423
155	523
155	568
155	569
155	572
155	573
155	574
155	577
155	578
155	579
155	582
155	583
156	157
156	158
156	159
156	160
156	161
156	162
156	163
156	165
156	166
156	167
156	168
156	169
156	170
156	171
156	172
156	173
156	174
156	175
156	176
156	178
156	179
156	180
156	181
156	182
156	183
156	184
156	185
156	186
156	187
156	188
156	190
156	191
156	192
156	194
156	195
156	196
156	197
156	200
156	203
156	204
156	205
156	207
156	208
156	209
156	211
156	213
156	214
156	216
156	217
156	218
156	219
156	221
156	222
156	225
156	226
156	227
156	228
156	229
156	230
156	239
156	240
156	242
156	243
157	158
157	159
157	161
157	162
157	163
157	165
157	166
157	167
157	168
157	169
157	171
157	173
157	174
157	175
157	176
157	177
157	178
157	179
157	183
157	184
157	185
157	186
157	187
157	188
157	189
157	190
157	191
157	192
157	193
157	194
157	195
157	198
157	199
157	201
157	202
157	203
157	204
157	205
157	206
157	207
157	208
157	209
157	214
157	215
157	216
157	217
157	219
157	220
157	222
157	223
157	226
157	227
157	231
157	249
157	250
157	252
157	255
157	256
157	257
157	258
157	260
157	377
157	582
157	583
158	159
158	160
158	161
158	162
158	163
158	165
158	166
158	167
158	168
158	169
158	170
158	171
158	172
158	173
158	174
158	175
158	176
158	178
158	179
158	180
158	181
158	182
158	183
158	184
158	185
158	186
158	187
158	188
158	189
158	190
158	191
158	192
158	194
158	196
158	197
158	200
158	203
158	204
158	205
158	208
158	209
158	210
158	212
158	213
158	214
158	216
158	217
158	218
158	219
158	220
158	223
158	227
158	228
158	229
158	231
158	232
158	234
158	245
158	247
159	160
159	161
159	162
159	163
159	165
159	166
159	167
159	168
159	169
159	170
159	171
159	172
159	173
159	174
159	175
159	176
159	178
159	179
159	182
159	183
159	184
159	185
159	186
159	187
159	188
159	191
159	192
159	194
159	196
159	197
159	199
159	200
159	203
159	204
159	205
159	209
159	214
159	215
159	216
159	222
159	228
159	230
159	231
160	161
160	165
160	166
160	168
160	170
160	172
160	173
160	174
160	175
160	176
160	178
160	180
160	181
160	182
160	184
160	186
160	187
160	188
160	191
160	196
160	197
160	200
160	208
160	210
160	211
160	228
160	229
160	232
160	233
160	234
160	236
160	239
160	240
160	241
160	242
160	243
160	245
160	246
160	247
160	373
161	162
161	163
161	164
161	165
161	166
161	167
161	168
161	169
161	170
161	171
161	173
161	175
161	176
161	178
161	179
161	183
161	184
161	185
161	186
161	188
161	189
161	190
161	191
161	192
161	194
161	195
161	199
161	200
161	203
161	204
161	205
161	207
161	209
161	214
161	215
161	216
161	221
161	226
161	229
162	163
162	164
162	167
162	169
162	171
162	175
162	177
162	183
162	185
162	189
162	190
162	192
162	193
162	194
162	195
162	198
162	199
162	200
162	201
162	202
162	203
162	204
162	205
162	206
162	207
162	211
162	212
162	221
162	224
162	248
162	249
162	250
162	251
162	252
162	253
162	254
162	259
162	261
162	262
162	263
162	374
162	375
162	376
162	378
162	379
162	380
162	382
162	392
162	395
162	396
162	400
162	401
162	408
162	422
162	425
162	516
162	518
162	523
162	574
162	575
162	580
162	588
163	164
163	165
163	166
163	167
163	171
163	175
163	177
163	179
163	183
163	185
163	189
163	190
163	192
163	193
163	194
163	195
163	198
163	199
163	201
163	202
163	203
163	204
163	205
163	206
163	212
163	213
163	214
163	221
163	224
163	225
163	249
163	250
163	251
163	252
163	254
163	255
163	256
163	257
163	258
163	259
163	260
163	261
163	263
163	264
163	377
163	582
163	583
164	169
164	171
164	177
164	183
164	185
164	189
164	190
164	192
164	193
164	198
164	200
164	203
164	206
164	248
164	249
164	250
164	251
164	252
164	253
164	254
164	255
164	256
164	257
164	258
164	259
164	262
164	374
164	375
164	376
164	377
164	378
164	379
164	380
164	381
164	382
164	384
164	385
164	386
164	387
164	390
164	392
164	393
164	394
164	395
164	396
164	399
164	400
164	401
164	405
164	408
164	413
164	422
164	423
164	424
164	425
164	427
164	435
164	440
164	516
164	517
164	518
164	523
164	568
164	580
164	588
165	166
165	167
165	168
165	169
165	170
165	171
165	172
165	173
165	174
165	175
165	176
165	178
165	179
165	180
165	181
165	182
165	184
165	186
165	187
165	188
165	191
165	196
165	197
165	200
165	208
165	210
165	211
165	214
165	216
165	217
165	228
165	229
165	230
165	239
165	240
165	241
165	247
165	665
165	666
166	167
166	168
166	169
166	170
166	171
166	172
166	173
166	174
166	175
166	176
166	178
166	179
166	180
166	181
166	182
166	183
166	184
166	186
166	187
166	188
166	191
166	192
166	196
166	197
166	200
166	205
166	208
166	209
166	211
166	213
166	214
166	215
166	216
166	217
166	218
166	219
166	220
166	223
166	225
166	227
166	230
166	239
166	240
166	241
166	242
166	373
166	519
166	520
166	521
166	522
166	665
166	666
167	168
167	169
167	171
167	173
167	175
167	176
167	179
167	183
167	184
167	186
167	187
167	191
167	196
167	205
167	207
167	208
167	213
167	214
167	217
167	219
167	220
167	222
167	223
167	226
167	519
167	520
167	521
167	522
168	169
168	170
168	171
168	172
168	173
168	174
168	175
168	176
168	178
168	179
168	180
168	181
168	182
168	184
168	186
168	187
168	188
168	191
168	196
168	197
168	200
168	208
168	211
168	214
168	216
168	232
168	233
168	236
168	239
168	240
168	241
168	242
168	244
168	373
169	171
169	173
169	175
169	176
169	179
169	183
169	184
169	187
169	191
169	192
169	196
169	199
169	205
169	208
169	209
169	213
169	214
169	215
169	217
169	220
169	222
169	223
169	249
169	250
169	252
169	382
169	392
169	395
169	408
169	422
169	518
169	519
169	520
169	521
169	522
170	172
170	173
170	174
170	175
170	176
170	178
170	180
170	181
170	182
170	184
170	186
170	187
170	188
170	191
170	196
170	197
170	200
170	210
170	211
170	229
170	232
170	233
170	236
170	240
170	246
170	247
170	373
171	173
171	175
171	177
171	179
171	186
171	187
171	189
171	190
171	193
171	198
171	199
171	201
171	202
171	207
171	213
171	214
171	219
171	225
171	226
171	248
171	249
171	250
171	251
171	253
171	254
171	255
171	256
171	257
171	258
171	259
171	264
171	374
171	375
171	377
171	378
171	523
171	568
171	573
171	577
172	173
172	174
172	176
172	178
172	180
172	181
172	182
172	184
172	186
172	187
172	188
172	197
172	200
172	210
172	211
172	230
172	232
172	233
172	236
172	240
172	246
172	373
173	174
173	175
173	176
173	178
173	179
173	181
173	184
173	186
173	187
173	188
173	191
173	196
173	200
173	208
173	211
173	213
173	219
173	220
173	223
173	226
173	227
173	228
173	229
173	230
173	239
173	240
173	519
173	520
173	521
173	522
174	175
174	176
174	178
174	179
174	180
174	181
174	182
174	184
174	186
174	187
174	188
174	191
174	196
174	197
174	200
174	208
174	210
174	211
174	216
174	230
174	239
174	240
174	241
174	242
174	243
174	373
174	665
174	666
175	176
175	178
175	179
175	183
175	184
175	186
175	187
175	191
175	192
175	197
175	199
175	205
175	207
175	208
175	209
175	213
175	214
175	215
175	216
175	218
175	226
175	227
175	231
176	178
176	179
176	181
176	182
176	184
176	186
176	187
176	188
176	191
176	196
176	197
176	200
176	210
176	211
176	214
176	216
176	222
176	230
177	189
177	190
177	193
177	194
177	195
177	198
177	199
177	200
177	201
177	202
177	206
177	207
177	211
177	248
177	249
177	250
177	251
177	252
177	253
177	254
177	255
177	256
177	257
177	258
177	259
177	260
177	262
177	374
177	376
177	377
177	379
177	380
177	523
177	582
177	583
178	179
178	181
178	182
178	184
178	186
178	187
178	188
178	191
178	196
178	197
178	200
178	210
178	211
178	228
178	229
178	230
178	233
178	242
178	243
179	184
179	186
179	188
179	191
179	196
179	207
179	208
179	209
179	213
179	216
179	217
179	218
179	219
179	220
179	222
179	223
179	225
179	226
179	227
180	181
180	182
180	187
180	188
180	196
180	197
180	210
180	232
180	233
180	234
180	236
180	244
180	246
180	247
181	182
181	184
181	187
181	188
181	196
181	197
181	200
181	208
181	210
181	211
181	232
181	233
181	234
181	236
181	239
181	240
181	242
181	243
181	244
181	246
182	186
182	187
182	188
182	191
182	196
182	197
182	210
182	211
182	232
182	233
182	234
182	236
182	244
182	245
182	246
182	247
183	185
183	189
183	190
183	192
183	203
183	204
183	205
183	207
183	209
183	212
183	215
183	221
183	231
184	186
184	187
184	188
184	191
184	196
184	200
184	208
184	211
184	214
184	216
184	217
184	222
184	228
184	229
184	241
184	665
184	666
185	189
185	190
185	192
185	193
185	194
185	195
185	199
185	202
185	203
185	204
185	212
185	221
185	224
186	187
186	188
186	196
186	197
186	200
186	208
186	209
186	211
186	213
186	218
186	219
186	220
186	223
186	228
186	240
186	241
186	373
186	665
186	666
187	188
187	196
187	197
187	216
187	217
187	242
187	243
188	191
188	196
188	197
188	210
188	228
188	233
188	236
188	240
188	247
188	373
189	190
189	192
189	193
189	194
189	195
189	198
189	199
189	201
189	202
189	203
189	204
189	206
189	207
189	212
189	224
189	249
189	250
189	251
189	252
189	254
189	256
189	257
189	258
189	259
189	260
189	261
190	192
190	193
190	194
190	195
190	198
190	199
190	201
190	202
190	203
190	205
190	207
190	212
190	221
190	249
190	250
190	251
190	254
190	255
190	256
190	257
190	258
190	259
190	260
190	263
190	264
191	196
191	210
191	211
191	214
191	216
191	217
191	222
191	239
191	240
191	241
191	242
192	193
192	194
192	195
192	203
192	204
192	205
192	209
192	215
192	221
193	194
193	195
193	198
193	199
193	201
193	248
193	249
193	250
193	253
193	254
193	255
193	256
193	257
193	258
193	260
193	263
193	264
193	374
193	377
193	582
193	583
194	195
194	198
194	199
194	201
194	202
194	203
194	204
194	206
194	207
194	212
194	224
194	263
195	198
195	199
195	201
195	202
195	204
195	206
195	207
195	255
195	260
195	261
195	263
195	582
195	583
196	197
196	200
196	208
196	210
196	211
196	216
196	217
196	222
196	228
196	239
196	240
196	241
196	242
196	247
196	665
196	666
197	210
197	242
197	243
197	247
198	199
198	201
198	202
198	204
198	206
198	207
198	250
198	251
198	255
198	256
198	257
198	258
198	260
198	264
198	582
198	583
199	201
199	202
199	204
199	205
199	207
199	212
199	221
199	250
199	251
199	255
199	257
199	260
199	263
199	264
200	206
200	208
200	211
200	229
200	230
200	239
200	240
200	241
200	249
200	250
200	253
200	374
200	376
200	379
200	380
200	523
200	665
200	666
201	202
201	206
201	207
201	250
201	251
201	252
201	255
201	257
201	260
201	264
201	582
201	583
202	204
202	206
202	207
202	212
202	221
202	250
202	251
202	252
202	257
202	260
203	204
203	205
203	221
204	207
205	207
205	209
205	215
205	231
206	207
206	211
206	249
206	250
206	253
206	254
206	259
206	374
206	375
206	376
206	379
206	380
206	523
207	251
208	211
208	213
208	219
208	220
208	223
208	227
208	239
208	241
208	519
208	520
208	521
208	522
208	665
208	666
209	215
209	218
209	231
210	211
210	246
210	247
211	239
211	241
211	249
211	250
211	253
211	374
211	376
211	380
211	665
211	666
212	221
212	224
213	219
213	220
213	223
213	225
213	519
213	520
213	521
213	522
217	222
219	220
219	223
220	223
220	519
220	520
220	521
220	522
223	519
223	520
223	521
223	522
232	233
232	234
232	245
233	236
235	237
236	244
239	240
239	241
239	242
240	241
240	242
240	373
241	242
241	665
241	666
242	243
248	249
248	250
248	251
248	252
248	253
248	254
248	255
248	259
248	262
248	374
248	375
248	376
248	377
248	378
248	379
248	381
248	382
248	383
248	384
248	385
248	386
248	387
248	390
248	391
248	392
248	393
248	394
248	395
248	396
248	399
248	400
248	401
248	402
248	405
248	407
248	408
248	411
248	413
248	419
248	423
248	424
248	425
248	427
248	435
248	440
248	443
248	448
248	517
248	523
248	568
248	569
248	570
248	571
248	572
248	573
248	574
248	575
248	576
248	577
248	578
248	579
248	580
248	581
249	250
249	251
249	252
249	253
249	254
249	255
249	256
249	257
249	258
249	259
249	262
249	374
249	375
249	376
249	377
249	378
249	379
249	380
249	381
249	382
249	384
249	385
249	386
249	387
249	390
249	391
249	392
249	393
249	395
249	396
249	399
249	400
249	401
249	405
249	408
249	411
249	413
249	422
249	423
249	424
249	425
249	427
249	435
249	440
249	448
249	516
249	517
249	518
249	523
249	568
249	569
249	570
249	571
249	573
249	574
249	576
249	577
249	578
249	579
249	581
249	588
249	589
249	590
250	251
250	252
250	253
250	254
250	255
250	256
250	257
250	258
250	259
250	260
250	374
250	375
250	376
250	377
250	379
250	380
250	381
250	382
250	384
250	385
250	386
250	387
250	390
250	391
250	392
250	393
250	394
250	395
250	396
250	399
250	400
250	401
250	405
250	408
250	413
250	422
250	423
250	424
250	425
250	427
250	435
250	440
250	448
250	516
250	517
250	518
250	523
250	568
250	569
250	574
250	575
250	588
251	252
251	253
251	254
251	255
251	256
251	257
251	258
251	259
251	260
251	262
251	374
251	375
251	376
251	377
251	378
251	381
251	382
251	383
251	384
251	385
251	386
251	387
251	389
251	390
251	391
251	392
251	393
251	394
251	395
251	396
251	399
251	400
251	401
251	404
251	405
251	406
251	408
251	411
251	412
251	413
251	415
251	416
251	422
251	423
251	424
251	427
251	429
251	435
251	437
251	440
251	442
251	444
251	448
251	517
251	523
251	568
251	569
252	253
252	257
252	260
252	374
252	375
252	376
252	377
252	381
252	382
252	385
252	386
252	387
252	392
252	393
252	395
252	396
252	399
252	400
252	401
252	405
252	408
252	413
252	422
252	423
252	424
252	425
252	427
252	440
252	516
252	517
252	518
252	571
252	575
252	580
252	588
252	589
252	590
253	254
253	259
253	374
253	375
253	376
253	377
253	378
253	379
253	380
253	381
253	392
253	393
253	395
253	396
253	401
253	411
253	413
253	523
253	568
253	569
253	570
253	571
253	573
253	576
253	577
253	581
254	255
254	256
254	258
254	259
254	374
254	375
254	378
254	379
254	380
254	396
254	523
254	568
254	573
254	577
255	257
255	260
255	264
255	374
255	375
255	377
255	396
255	401
255	408
255	423
255	523
255	568
255	582
255	583
256	258
256	259
257	260
257	264
257	377
258	259
259	374
259	375
259	379
259	380
259	523
259	573
259	577
260	582
260	583
265	266
265	267
265	268
265	269
265	270
265	271
265	272
265	273
265	274
265	275
265	276
265	277
265	278
265	279
265	280
265	281
265	282
265	283
265	284
265	285
265	286
265	287
265	288
265	289
265	290
265	291
265	292
265	293
265	294
265	295
265	296
265	297
265	298
265	299
265	300
265	301
265	302
265	303
265	304
265	305
265	306
265	307
265	308
265	309
265	310
265	311
265	312
265	313
265	314
265	315
265	316
265	317
265	318
265	319
265	320
265	321
265	322
265	323
265	324
265	325
265	326
265	327
265	328
265	329
265	330
265	331
265	332
265	333
265	334
265	335
265	336
265	337
265	338
265	339
265	340
265	341
265	342
265	343
265	344
265	345
265	346
265	347
265	348
265	349
265	350
265	351
265	352
265	353
265	354
265	355
265	356
265	357
265	358
265	359
265	360
265	361
265	362
265	363
265	364
265	365
265	366
265	367
265	368
265	369
265	370
265	371
265	372
266	267
266	268
266	270
266	271
266	278
266	282
266	283
266	284
266	288
266	289
266	290
266	291
266	292
266	295
266	297
266	298
266	299
266	300
266	302
266	303
266	306
266	309
266	310
266	312
266	314
266	315
266	316
266	317
266	318
266	319
266	321
266	322
266	324
266	325
266	326
266	327
266	329
266	331
266	332
266	334
266	335
266	336
266	337
266	343
266	349
266	351
266	354
266	358
266	362
266	363
266	366
266	367
266	370
266	372
266	452
266	453
266	454
266	455
266	456
266	457
266	458
266	459
266	460
266	461
266	462
266	463
266	464
266	465
266	466
266	467
266	468
266	469
266	470
266	471
266	472
266	473
266	474
266	475
266	476
266	477
266	478
266	479
266	480
266	481
266	482
266	483
266	484
266	485
266	486
266	487
266	488
266	489
266	490
266	491
266	492
266	493
266	494
266	495
266	496
266	497
266	498
266	499
266	500
266	501
266	502
266	503
266	504
266	505
266	506
266	507
266	508
266	509
266	510
266	511
266	512
266	513
267	268
267	269
267	270
267	271
267	272
267	273
267	274
267	275
267	277
267	278
267	279
267	281
267	282
267	283
267	284
267	287
267	288
267	289
267	290
267	291
267	292
267	293
267	295
267	296
267	297
267	298
267	299
267	300
267	302
267	303
267	306
267	307
267	309
267	310
267	312
267	314
267	315
267	316
267	317
267	318
267	319
267	320
267	321
267	322
267	323
267	324
267	325
267	326
267	327
267	328
267	329
267	330
267	331
267	332
267	334
267	336
267	337
267	338
267	339
267	341
267	342
267	343
267	348
267	349
267	351
267	352
267	353
267	354
267	357
267	358
267	359
267	363
267	366
267	367
267	368
267	370
267	371
267	372
267	455
267	456
267	457
267	464
267	465
267	472
267	483
267	485
267	492
267	494
267	495
267	509
267	514
267	515
268	269
268	270
268	271
268	272
268	273
268	274
268	275
268	276
268	277
268	279
268	280
268	281
268	283
268	285
268	286
268	287
268	289
268	293
268	294
268	296
268	297
268	298
268	300
268	301
268	304
268	305
268	307
268	308
268	310
268	311
268	313
268	317
268	320
268	322
268	323
268	326
268	328
268	329
268	330
268	334
268	335
268	338
268	340
268	342
268	345
268	346
268	347
268	350
268	353
268	355
268	356
268	360
268	361
268	362
268	368
268	472
268	515
268	525
268	584
268	585
268	586
268	587
269	272
269	273
269	274
269	275
269	276
269	277
269	279
269	281
269	285
269	286
269	287
269	293
269	294
269	296
269	297
269	301
269	304
269	305
269	307
269	308
269	311
269	313
269	317
269	320
269	322
269	323
269	328
269	333
269	338
269	340
269	342
269	344
269	345
269	347
269	355
269	356
269	360
269	361
269	364
269	365
269	368
269	472
269	515
270	271
270	275
270	277
270	278
270	279
270	283
270	284
270	286
270	287
270	288
270	289
270	290
270	291
270	292
270	295
270	296
270	297
270	298
270	299
270	300
270	303
270	306
270	307
270	309
270	310
270	312
270	314
270	316
270	318
270	319
270	321
270	322
270	324
270	325
270	326
270	327
270	329
270	330
270	332
270	334
270	335
270	336
270	337
270	339
270	341
270	342
270	343
270	348
270	352
270	354
270	357
270	358
270	362
270	363
270	366
270	367
270	369
270	370
270	371
270	465
270	472
270	483
270	487
270	491
270	492
270	509
270	514
271	275
271	277
271	278
271	279
271	283
271	284
271	286
271	287
271	288
271	289
271	290
271	291
271	292
271	295
271	296
271	297
271	298
271	299
271	300
271	303
271	306
271	307
271	309
271	310
271	312
271	314
271	316
271	318
271	319
271	322
271	324
271	326
271	329
271	330
271	332
271	334
271	335
271	336
271	337
271	338
271	339
271	341
271	342
271	343
271	348
271	351
271	352
271	353
271	357
271	358
271	359
271	362
271	366
271	367
271	369
271	370
271	371
271	465
271	472
271	483
271	487
271	491
271	492
271	514
272	273
272	274
272	275
272	276
272	277
272	279
272	280
272	281
272	285
272	286
272	287
272	293
272	294
272	301
272	304
272	305
272	308
272	311
272	313
272	317
272	320
272	322
272	323
272	328
272	333
272	344
272	345
272	346
272	347
272	350
272	355
272	356
272	360
272	361
272	365
272	383
272	387
272	389
272	390
272	525
272	530
272	532
272	540
272	548
272	551
272	555
272	556
272	559
272	561
272	563
272	564
272	567
272	584
272	586
272	592
272	596
272	664
273	274
273	275
273	276
273	277
273	279
273	280
273	281
273	285
273	286
273	287
273	293
273	294
273	301
273	304
273	305
273	308
273	311
273	313
273	320
273	322
273	323
273	328
273	333
273	340
273	344
273	345
273	361
273	364
273	365
273	387
273	389
273	390
273	525
273	530
273	532
273	540
273	548
273	584
273	585
273	586
273	587
273	592
273	596
273	664
274	275
274	276
274	277
274	279
274	280
274	281
274	285
274	286
274	287
274	293
274	294
274	296
274	297
274	301
274	304
274	305
274	307
274	311
274	313
274	317
274	320
274	323
274	334
274	340
274	342
274	345
274	346
274	350
274	361
274	364
274	472
274	515
275	276
275	277
275	279
275	281
275	283
275	284
275	285
275	286
275	287
275	291
275	293
275	296
275	297
275	305
275	307
275	308
275	310
275	311
275	317
275	318
275	320
275	323
275	326
275	330
275	332
275	334
275	338
275	339
275	342
275	345
275	347
275	348
275	352
275	353
275	355
275	356
275	360
275	361
275	369
275	371
275	472
275	515
276	277
276	279
276	280
276	281
276	285
276	286
276	287
276	293
276	294
276	301
276	304
276	305
276	308
276	311
276	313
276	320
276	322
276	333
276	344
276	345
276	346
276	347
276	350
276	355
276	356
276	360
276	361
276	365
276	525
276	548
276	584
276	585
276	586
276	587
276	664
277	279
277	281
277	285
277	286
277	287
277	293
277	296
277	297
277	307
277	310
277	311
277	313
277	317
277	320
277	322
277	323
277	326
277	328
277	334
277	338
277	340
277	342
277	364
277	368
277	472
277	515
278	282
278	288
278	289
278	292
278	298
278	300
278	302
278	303
278	309
278	315
278	317
278	318
278	319
278	321
278	325
278	326
278	327
278	329
278	331
278	343
278	349
278	372
278	453
278	454
278	455
278	456
278	457
278	458
278	459
278	460
278	461
278	462
278	463
278	464
278	465
278	467
278	468
278	469
278	470
278	471
278	473
278	474
278	475
278	476
278	477
278	481
278	482
278	484
278	485
278	489
278	490
278	494
278	499
278	505
278	506
278	513
278	667
278	668
278	669
278	670
278	671
279	281
279	283
279	284
279	285
279	286
279	287
279	291
279	293
279	305
279	306
279	308
279	311
279	313
279	318
279	322
279	323
279	324
279	328
279	332
279	339
279	340
279	343
279	345
279	347
279	348
279	352
279	355
279	356
279	357
279	360
279	361
279	364
279	369
279	371
280	281
280	285
280	294
280	301
280	304
280	305
280	308
280	311
280	333
280	346
280	350
280	383
280	387
280	388
280	389
280	390
280	391
280	393
280	398
280	403
280	406
280	407
280	410
280	417
280	524
280	525
280	526
280	527
280	528
280	530
280	531
280	532
280	535
280	537
280	540
280	542
280	543
280	545
280	550
280	551
280	552
280	555
280	556
280	558
280	559
280	560
280	561
280	562
280	563
280	564
280	567
280	592
280	593
280	594
280	595
280	596
281	285
281	286
281	287
281	293
281	294
281	301
281	304
281	305
281	308
281	311
281	313
281	320
281	322
281	323
281	328
281	338
281	340
281	364
281	368
281	383
281	525
281	548
281	551
281	556
281	563
281	567
281	584
281	585
281	586
281	587
281	664
282	288
282	289
282	292
282	298
282	300
282	302
282	303
282	315
282	317
282	318
282	319
282	321
282	325
282	326
282	327
282	329
282	331
282	349
282	372
282	455
282	456
282	457
282	458
282	459
282	460
282	463
282	464
282	465
282	467
282	468
282	471
282	476
282	478
282	479
282	480
282	485
282	486
282	488
282	494
282	495
282	496
282	505
282	507
282	508
282	510
282	512
283	284
283	286
283	287
283	288
283	290
283	291
283	295
283	296
283	297
283	299
283	306
283	310
283	312
283	314
283	318
283	324
283	330
283	332
283	334
283	336
283	337
283	338
283	339
283	341
283	342
283	343
283	353
283	357
283	359
283	369
283	465
283	472
283	483
283	492
283	514
284	286
284	288
284	289
284	290
284	291
284	295
284	297
284	298
284	299
284	309
284	312
284	316
284	318
284	322
284	324
284	332
284	336
284	351
284	366
284	369
284	370
284	492
284	509
285	287
285	293
285	294
285	296
285	301
285	304
285	305
285	307
285	308
285	311
285	313
285	317
285	323
285	328
285	333
285	344
285	346
285	350
285	365
285	383
285	525
285	551
285	555
285	556
285	559
285	561
285	563
285	564
285	567
285	584
285	585
285	587
286	287
286	293
286	304
286	305
286	308
286	311
286	313
286	318
286	322
286	328
286	332
286	345
286	347
286	355
286	356
286	360
286	369
287	293
287	296
287	297
287	307
287	310
287	311
287	317
287	320
287	322
287	323
287	326
287	328
287	330
287	334
287	338
287	353
287	368
288	289
288	290
288	291
288	292
288	295
288	298
288	299
288	300
288	302
288	303
288	309
288	315
288	316
288	318
288	319
288	321
288	325
288	326
288	327
288	329
288	335
288	343
288	455
288	464
288	465
288	471
288	478
288	485
288	487
288	491
288	494
288	505
288	509
288	511
289	292
289	295
289	298
289	300
289	302
289	303
289	309
289	315
289	316
289	317
289	318
289	319
289	321
289	325
289	326
289	327
289	329
289	331
289	335
289	354
289	362
289	363
289	366
289	455
289	457
289	463
289	464
289	465
289	468
289	471
289	476
289	478
289	479
289	480
289	485
289	486
289	487
289	488
289	491
289	495
289	496
289	505
289	508
289	511
290	291
290	295
290	297
290	298
290	299
290	309
290	312
290	316
290	324
290	332
290	334
290	336
290	337
290	351
290	358
290	367
290	492
290	509
291	295
291	297
291	299
291	306
291	309
291	312
291	314
291	316
291	324
291	330
291	332
291	334
291	336
291	337
291	339
291	341
291	348
291	352
291	371
291	492
291	509
291	514
292	298
292	300
292	302
292	303
292	315
292	316
292	318
292	325
292	326
292	452
292	453
292	455
292	456
292	457
292	458
292	459
292	460
292	461
292	463
292	464
292	466
292	467
292	468
292	470
292	471
292	476
292	478
292	479
292	480
292	486
292	488
292	494
292	496
292	498
292	502
292	505
292	508
293	296
293	297
293	304
293	308
293	313
293	320
293	323
293	328
293	334
293	338
293	340
293	342
293	364
293	368
293	383
293	387
293	389
293	390
293	472
293	515
293	530
293	540
293	548
293	554
294	301
294	305
294	308
294	320
294	346
294	350
294	381
294	382
294	383
294	384
294	385
294	387
294	391
294	393
294	398
294	403
294	407
294	410
294	412
294	415
294	417
294	418
294	525
294	548
294	551
294	556
294	563
294	567
294	584
294	585
294	586
294	587
294	664
295	297
295	298
295	299
295	309
295	312
295	316
295	322
295	324
295	336
295	351
295	358
295	366
295	367
295	370
295	492
295	509
296	297
296	307
296	310
296	317
296	320
296	323
296	326
296	330
296	334
296	338
296	353
296	472
296	515
297	306
297	307
297	309
297	310
297	314
297	320
297	330
297	334
297	336
297	341
297	342
297	359
297	465
297	472
297	483
297	515
298	299
298	300
298	302
298	312
298	315
298	317
298	319
298	321
298	329
298	331
298	335
298	343
298	349
298	351
298	362
298	372
298	452
298	453
298	454
298	456
298	457
298	458
298	461
298	466
298	493
298	498
298	501
298	504
298	598
298	604
298	606
298	610
298	611
298	613
298	614
298	615
298	625
298	672
298	674
298	676
298	677
299	309
299	312
299	316
299	332
299	334
299	337
299	351
299	509
300	302
300	303
300	315
300	316
300	317
300	319
300	321
300	325
300	327
300	329
300	331
300	335
300	343
300	349
300	354
300	362
300	363
300	372
300	456
300	465
300	487
300	491
301	305
301	308
301	320
301	346
301	350
301	525
301	548
301	584
301	585
301	586
301	587
301	664
302	303
302	309
302	315
302	318
302	319
302	321
302	325
302	326
302	327
302	329
302	349
302	455
302	464
302	471
302	478
302	494
302	505
302	511
303	315
303	316
303	317
303	318
303	319
303	321
303	325
303	335
303	455
303	464
303	465
303	471
303	487
303	491
303	505
304	305
304	308
304	311
304	333
304	344
304	365
304	383
304	387
304	389
304	390
304	524
304	525
304	528
304	530
304	531
304	532
304	540
304	548
304	554
304	555
304	559
304	561
304	564
304	592
304	593
304	594
304	596
305	308
305	313
305	333
305	344
305	347
305	355
305	356
305	360
305	365
305	383
305	551
305	556
305	563
305	567
306	310
306	314
306	324
306	330
306	336
306	337
306	339
306	341
306	342
306	343
306	357
306	359
306	465
306	472
306	483
306	514
307	310
307	317
307	320
307	323
307	326
308	320
308	355
308	360
308	383
308	387
308	389
308	390
308	525
308	530
308	540
308	548
308	551
308	554
308	556
308	563
308	567
308	584
308	586
308	664
309	312
309	316
309	321
309	322
309	327
309	336
309	366
309	370
309	453
309	455
309	456
309	457
309	460
309	461
309	462
309	471
309	473
309	474
309	478
309	509
309	511
309	513
310	314
310	326
310	330
310	341
310	342
310	359
310	465
310	472
310	483
311	313
311	322
311	328
311	361
311	383
311	525
311	555
311	559
311	561
311	564
312	316
312	324
312	351
312	358
312	367
312	492
313	328
313	340
314	324
314	330
314	336
314	337
314	341
314	342
314	359
314	465
314	472
314	483
314	514
315	317
315	318
315	319
315	321
315	325
315	326
315	331
315	372
315	455
315	464
315	465
315	471
315	485
315	494
316	322
316	324
316	329
316	335
316	366
316	370
316	487
316	491
317	318
317	319
317	320
317	321
317	323
317	327
317	331
317	372
317	456
317	464
317	465
318	319
318	321
318	326
318	327
318	331
318	332
318	369
318	455
318	457
318	464
318	465
318	485
318	495
319	321
319	327
319	329
319	331
319	343
319	349
319	372
319	456
319	464
319	465
320	334
320	342
320	525
320	586
321	325
321	327
321	331
321	354
321	363
321	372
321	455
321	456
321	464
321	465
321	471
321	478
321	511
322	328
322	370
323	340
323	364
324	330
324	336
324	337
324	339
324	341
324	343
324	357
324	358
324	367
324	514
325	327
325	354
325	363
325	453
325	455
325	456
325	458
325	459
325	460
325	463
325	467
325	470
325	471
325	478
325	502
325	507
325	510
325	512
326	455
326	457
326	464
326	465
326	485
326	494
326	495
327	331
327	354
327	363
327	455
327	456
327	464
327	465
327	471
327	478
327	511
328	338
328	368
329	335
329	349
329	362
329	487
329	491
330	336
330	338
330	341
330	353
330	359
330	514
331	372
331	456
331	464
331	465
332	339
332	348
332	352
332	369
332	371
333	344
333	365
333	387
333	389
333	390
333	525
333	530
333	532
333	540
333	592
334	337
335	362
335	487
335	491
336	337
336	341
336	514
337	341
337	514
338	353
338	368
339	343
339	348
339	352
339	357
339	371
340	364
341	359
341	514
342	465
342	472
343	357
344	365
346	350
347	356
348	352
348	371
352	371
354	363
358	367
374	375
374	376
374	377
374	378
374	379
374	380
374	381
374	382
374	386
374	387
374	392
374	393
374	395
374	396
374	399
374	400
374	401
374	405
374	408
374	411
374	413
374	423
374	425
374	427
374	440
374	517
374	523
374	568
374	569
374	570
374	571
374	572
374	573
374	574
374	575
374	576
374	577
374	578
374	579
374	580
374	581
375	376
375	377
375	378
375	379
375	380
375	381
375	392
375	393
375	395
375	396
375	401
375	408
375	411
375	413
375	422
375	423
375	516
375	523
375	568
375	569
375	570
375	571
375	572
375	573
375	574
375	576
375	577
375	578
375	579
375	581
375	588
376	379
376	380
376	381
376	382
376	384
376	385
376	386
376	387
376	392
376	393
376	395
376	396
376	400
376	401
376	411
376	413
376	425
376	427
376	523
376	568
376	569
376	570
376	571
376	572
376	576
376	578
376	579
376	581
377	381
377	382
377	384
377	385
377	386
377	387
377	392
377	394
377	395
377	396
377	401
377	408
377	411
377	413
377	443
377	523
377	568
377	569
378	523
379	380
379	392
379	393
379	523
379	568
379	569
379	572
381	382
381	383
381	384
381	385
381	386
381	387
381	388
381	389
381	390
381	391
381	392
381	393
381	394
381	395
381	396
381	397
381	398
381	399
381	400
381	401
381	402
381	403
381	404
381	405
381	406
381	407
381	408
381	409
381	410
381	411
381	412
381	413
381	414
381	415
381	416
381	417
381	418
381	419
381	420
381	421
381	422
381	423
381	424
381	425
381	426
381	427
381	428
381	429
381	430
381	431
381	432
381	433
381	434
381	435
381	436
381	437
381	438
381	439
381	440
381	441
381	442
381	443
381	444
381	445
381	446
381	447
381	448
381	449
381	450
381	451
382	383
382	384
382	385
382	386
382	387
382	389
382	390
382	391
382	392
382	393
382	394
382	395
382	396
382	398
382	399
382	402
382	403
382	404
382	405
382	406
382	407
382	408
382	410
382	411
382	412
382	414
382	415
382	416
382	417
382	418
382	419
382	422
382	423
382	424
382	425
382	427
382	428
382	429
382	435
382	437
382	439
382	440
382	441
382	442
382	443
382	444
382	445
382	446
382	450
382	516
382	517
382	518
383	384
383	385
383	386
383	387
383	388
383	389
383	390
383	391
383	392
383	393
383	394
383	395
383	396
383	397
383	398
383	399
383	400
383	402
383	403
383	404
383	405
383	406
383	407
383	409
383	410
383	411
383	412
383	416
383	417
383	418
383	419
383	420
383	421
383	426
383	427
383	428
383	431
383	432
383	436
383	437
383	438
383	442
383	445
383	524
383	525
383	526
383	527
383	528
383	529
383	530
383	531
383	532
383	533
383	534
383	535
383	536
383	537
383	538
383	539
383	540
383	541
383	542
383	543
383	544
383	545
383	546
383	547
383	548
383	549
383	550
383	551
383	552
383	553
383	554
383	555
383	556
383	557
383	558
383	559
383	560
383	561
383	562
383	563
383	564
383	565
383	566
383	567
384	385
384	386
384	387
384	389
384	390
384	391
384	392
384	393
384	394
384	395
384	396
384	398
384	399
384	402
384	403
384	404
384	405
384	406
384	407
384	408
384	410
384	411
384	412
384	415
384	416
384	417
384	418
384	419
384	422
384	423
384	424
384	427
384	429
384	435
384	437
384	440
384	441
384	442
384	443
384	444
384	445
384	446
384	448
384	450
385	386
385	387
385	390
385	391
385	392
385	393
385	394
385	395
385	396
385	398
385	399
385	402
385	403
385	405
385	406
385	407
385	408
385	410
385	411
385	412
385	415
385	416
385	417
385	418
385	419
385	423
385	424
385	425
385	427
385	429
385	435
385	437
385	440
385	441
385	442
385	443
385	444
385	445
385	446
385	448
385	518
386	387
386	388
386	389
386	390
386	391
386	392
386	393
386	394
386	395
386	396
386	397
386	398
386	399
386	400
386	402
386	404
386	405
386	407
386	408
386	409
386	411
386	412
386	413
386	414
386	417
386	419
386	420
386	421
386	422
386	424
386	426
386	427
386	428
386	429
386	430
386	431
386	432
386	435
386	436
386	438
386	439
386	443
386	448
386	449
386	450
386	451
386	516
386	517
386	527
386	529
386	533
386	534
386	547
386	571
386	588
386	589
386	590
386	591
387	388
387	389
387	390
387	391
387	392
387	393
387	394
387	395
387	396
387	398
387	399
387	402
387	403
387	405
387	406
387	407
387	410
387	411
387	412
387	415
387	416
387	417
387	418
387	419
387	422
387	424
387	427
387	440
387	441
387	443
387	444
387	445
387	446
387	524
387	525
387	526
387	527
387	528
387	530
387	531
387	532
387	535
387	537
387	540
387	542
387	545
387	548
387	550
387	552
387	554
387	558
387	562
387	592
387	593
387	594
387	595
387	596
388	389
388	390
388	391
388	393
388	397
388	398
388	400
388	402
388	403
388	404
388	405
388	406
388	407
388	409
388	410
388	412
388	414
388	417
388	418
388	420
388	421
388	426
388	428
388	430
388	431
388	432
388	433
388	434
388	436
388	438
388	441
388	447
388	524
388	526
388	527
388	528
388	529
388	532
388	533
388	534
388	535
388	536
388	537
388	538
388	539
388	541
388	542
388	543
388	544
388	546
388	547
388	549
388	550
388	552
388	553
388	557
388	558
388	560
388	565
388	566
388	591
388	595
388	597
389	390
389	393
389	394
389	395
389	397
389	398
389	400
389	402
389	403
389	404
389	406
389	407
389	409
389	410
389	417
389	421
389	422
389	426
389	432
389	436
389	441
389	524
389	525
389	526
389	527
389	528
389	529
389	530
389	531
389	532
389	533
389	534
389	535
389	536
389	537
389	538
389	539
389	540
389	541
389	542
389	543
389	544
389	545
389	546
389	547
389	548
389	549
389	550
389	552
389	553
389	554
389	557
389	562
389	565
389	566
389	591
389	592
389	593
389	594
389	596
389	597
390	391
390	393
390	394
390	395
390	396
390	398
390	399
390	402
390	403
390	405
390	406
390	410
390	411
390	419
390	421
390	422
390	423
390	424
390	429
390	435
390	441
390	443
390	448
390	450
390	524
390	525
390	526
390	527
390	528
390	530
390	531
390	532
390	535
390	536
390	537
390	539
390	540
390	543
390	544
390	545
390	546
390	548
390	550
390	552
390	554
390	560
390	562
390	565
390	566
390	592
390	593
390	594
390	597
391	392
391	393
391	394
391	395
391	396
391	398
391	399
391	402
391	403
391	404
391	405
391	406
391	407
391	410
391	411
391	415
391	416
391	418
391	419
391	424
391	427
391	429
391	435
391	437
391	442
391	443
391	444
391	445
391	450
391	524
391	527
391	528
391	537
391	558
392	393
392	394
392	395
392	396
392	399
392	400
392	401
392	402
392	405
392	407
392	408
392	411
392	413
392	419
392	422
392	423
392	425
392	427
392	443
392	516
392	518
392	568
392	569
392	570
392	571
392	572
392	575
392	576
392	578
392	579
392	580
392	581
392	588
392	589
392	590
393	394
393	395
393	397
393	398
393	399
393	400
393	401
393	402
393	403
393	404
393	405
393	406
393	407
393	408
393	409
393	410
393	412
393	413
393	415
393	416
393	417
393	421
393	426
393	428
393	432
393	436
393	437
393	441
393	516
393	523
393	524
393	526
393	527
393	528
393	529
393	531
393	532
393	533
393	534
393	535
393	536
393	537
393	539
393	541
393	542
393	543
393	544
393	546
393	550
393	557
393	560
393	565
393	566
393	568
393	569
393	572
393	591
393	595
393	597
394	395
394	396
394	399
394	402
394	403
394	405
394	406
394	407
394	411
394	412
394	415
394	416
394	418
394	419
394	422
394	423
394	424
394	427
394	429
394	442
394	443
394	444
394	450
395	396
395	399
395	400
395	401
395	405
395	408
395	411
395	413
395	422
395	423
395	424
395	425
395	429
395	435
395	440
395	443
395	444
395	448
395	516
395	517
395	518
396	400
396	401
396	405
396	408
396	411
396	413
396	419
396	422
396	423
396	425
396	427
396	435
396	516
396	523
396	568
396	569
396	570
396	571
396	574
396	575
396	576
396	578
396	579
396	580
396	581
396	588
397	398
397	400
397	402
397	404
397	405
397	409
397	412
397	414
397	417
397	418
397	420
397	421
397	426
397	428
397	430
397	431
397	432
397	433
397	434
397	436
397	438
397	439
397	447
397	449
397	451
397	524
397	527
397	529
397	533
397	534
397	536
397	538
397	541
397	547
397	549
397	553
397	591
398	400
398	402
398	403
398	404
398	405
398	407
398	409
398	410
398	412
398	414
398	415
398	417
398	418
398	421
398	426
398	428
398	430
398	432
398	436
398	439
398	524
398	526
398	527
398	528
398	529
398	531
398	534
398	535
398	536
398	537
398	538
398	541
398	542
398	543
398	544
398	549
398	550
398	553
398	557
398	558
398	565
398	566
398	595
399	403
399	404
399	405
399	406
399	407
399	408
399	412
399	415
399	416
399	418
399	419
399	424
399	425
399	429
399	437
399	442
399	443
399	444
399	445
399	450
399	517
399	518
400	401
400	402
400	404
400	405
400	409
400	412
400	413
400	414
400	417
400	420
400	421
400	425
400	426
400	430
400	432
400	433
400	434
400	436
400	524
400	529
400	533
400	547
400	575
400	580
400	591
401	408
401	411
401	413
401	423
401	425
401	516
401	523
401	568
401	569
401	570
401	571
401	575
401	576
401	580
401	581
402	404
402	409
402	414
402	419
402	420
402	421
402	430
402	432
402	433
402	434
402	436
402	524
402	526
402	527
402	529
402	533
402	534
402	535
402	536
402	538
402	541
402	544
402	549
402	553
402	557
402	565
402	566
403	405
403	406
403	407
403	410
403	412
403	415
403	416
403	417
403	418
403	419
403	424
403	437
403	442
403	524
403	526
403	527
403	528
403	542
403	543
403	550
403	552
403	560
403	595
404	405
404	406
404	407
404	409
404	410
404	412
404	414
404	415
404	416
404	417
404	418
404	420
404	421
404	426
404	428
404	430
404	431
404	432
404	433
404	434
404	436
404	437
404	438
404	439
404	447
404	449
404	451
404	524
404	527
404	529
404	533
404	538
404	549
404	553
404	591
405	406
405	407
405	409
405	410
405	411
405	412
405	414
405	415
405	416
405	418
405	419
405	420
405	423
405	424
405	428
405	429
405	433
405	434
405	439
405	440
405	441
405	442
405	444
405	446
405	517
406	407
406	412
406	415
406	416
406	418
406	419
406	424
406	437
406	442
406	445
406	524
406	527
406	528
406	535
407	410
407	412
407	414
407	415
407	416
407	417
407	418
407	419
407	428
407	439
407	440
407	441
407	446
407	524
407	527
407	528
407	537
407	542
407	543
407	550
407	558
408	413
408	422
408	423
408	424
408	425
408	516
408	518
408	523
408	571
408	574
408	588
408	589
408	590
409	412
409	414
409	417
409	420
409	421
409	426
409	428
409	430
409	431
409	432
409	433
409	434
409	436
409	438
409	439
409	449
409	451
409	529
409	533
409	547
410	414
410	415
410	418
410	428
410	439
410	441
410	524
410	526
410	527
410	528
410	532
410	535
410	539
410	542
410	543
410	550
410	560
410	597
411	419
411	429
411	443
411	570
411	571
411	581
412	415
412	417
412	420
412	426
412	428
412	430
412	431
412	432
412	436
412	438
412	440
412	441
412	442
412	446
412	529
412	533
412	547
413	425
413	516
413	571
413	588
413	589
413	590
414	415
414	418
414	420
414	421
414	426
414	428
414	430
414	431
414	433
414	434
414	438
414	439
414	447
414	449
414	451
415	416
415	417
415	418
415	419
415	424
415	428
415	437
415	439
415	440
415	441
415	446
416	437
416	442
416	445
417	426
417	430
417	436
417	524
417	527
417	529
417	533
417	542
417	547
417	591
417	595
418	421
418	424
418	426
418	428
418	430
418	431
418	439
418	447
419	424
420	421
420	428
420	431
420	433
420	434
420	438
420	439
420	449
420	451
421	426
421	430
421	431
421	433
421	434
421	447
421	526
421	532
421	539
421	543
421	544
421	546
422	423
422	516
422	518
422	588
423	435
423	516
423	523
424	425
424	518
425	518
425	575
425	580
426	428
426	430
426	431
426	432
426	436
426	447
426	529
428	431
428	432
428	436
428	438
428	439
429	443
429	450
430	431
430	447
430	529
430	533
430	547
431	438
431	439
431	447
431	449
431	451
432	436
432	524
432	529
433	434
436	529
436	533
438	439
438	449
438	451
439	449
439	451
440	441
440	446
440	517
441	446
441	526
441	532
441	539
441	543
441	597
443	450
449	451
452	453
452	454
452	456
452	457
452	458
452	460
452	461
452	466
452	481
452	493
452	497
452	498
452	501
452	504
452	598
452	599
452	602
452	603
452	604
452	605
452	606
452	607
452	608
452	610
452	611
452	613
452	614
452	615
452	616
452	617
452	618
452	619
452	620
452	622
452	625
452	627
452	632
452	640
452	649
452	651
452	652
452	653
452	663
452	672
452	673
452	674
452	675
453	454
453	456
453	457
453	458
453	459
453	460
453	461
453	462
453	463
453	466
453	467
453	469
453	470
453	473
453	474
453	475
453	478
453	481
453	482
453	490
453	493
453	497
453	498
453	501
453	502
453	504
453	513
453	598
453	599
453	600
453	601
453	602
453	603
453	604
453	605
453	606
453	607
453	609
453	610
453	611
453	613
453	615
453	617
453	619
453	624
453	625
453	629
453	632
453	634
453	644
453	647
453	667
453	668
453	669
453	670
453	671
453	672
453	673
453	674
453	676
453	677
454	455
454	456
454	457
454	458
454	460
454	461
454	462
454	463
454	466
454	468
454	473
454	474
454	476
454	477
454	481
454	490
454	493
454	497
454	499
454	500
454	503
454	598
454	599
454	600
454	601
454	602
454	603
454	604
454	605
454	606
454	607
454	608
454	609
454	610
454	611
454	613
454	614
454	615
454	617
454	618
454	619
454	620
454	622
454	625
454	632
454	640
454	647
454	649
454	651
454	662
454	672
454	673
454	674
455	456
455	457
455	462
455	463
455	464
455	468
455	471
455	474
455	476
455	477
455	478
455	479
455	480
455	486
455	488
455	494
455	496
455	500
455	503
455	505
455	508
455	511
456	457
456	458
456	459
456	460
456	461
456	462
456	463
456	465
456	466
456	467
456	468
456	469
456	473
456	474
456	475
456	476
456	477
456	478
456	481
456	490
456	493
456	498
456	499
456	500
456	501
456	503
456	504
456	507
456	510
456	512
456	513
456	667
456	668
456	669
456	670
457	458
457	460
457	461
457	462
457	463
457	464
457	465
457	466
457	468
457	473
457	474
457	476
457	477
457	481
457	485
457	490
457	493
457	495
457	497
457	498
457	499
457	500
457	501
457	503
457	504
457	513
458	459
458	460
458	461
458	463
458	466
458	467
458	469
458	470
458	473
458	475
458	478
458	481
458	482
458	484
458	489
458	493
458	497
458	498
458	501
458	502
458	504
458	506
458	507
458	510
458	512
458	667
459	460
459	463
459	467
459	469
459	470
459	473
459	475
459	478
459	479
459	481
459	482
459	484
459	489
459	502
459	506
459	507
459	510
459	512
459	667
459	668
459	669
459	670
459	671
459	684
459	685
460	461
460	462
460	463
460	467
460	469
460	470
460	473
460	474
460	475
460	478
460	481
460	482
460	490
460	493
460	497
460	499
460	502
460	507
460	510
460	512
460	513
460	667
460	668
460	669
460	671
461	462
461	466
461	473
461	474
461	481
461	490
461	493
461	497
461	498
461	513
461	598
461	599
461	600
461	601
461	602
461	603
461	605
461	607
461	609
461	612
461	617
461	619
461	620
461	621
461	623
461	629
461	632
461	635
461	645
461	660
462	463
462	468
462	473
462	474
462	476
462	477
462	490
462	499
462	500
462	503
462	513
463	467
463	468
463	470
463	474
463	476
463	477
463	478
463	479
463	480
463	496
463	502
463	508
464	465
464	485
464	495
465	472
465	483
465	485
465	495
466	493
466	498
466	501
466	504
466	598
466	599
466	600
466	601
466	604
466	605
466	606
466	607
466	611
466	613
466	614
466	615
466	617
466	625
466	629
466	632
466	651
467	469
467	470
467	473
467	475
467	478
467	482
467	484
467	489
467	502
467	506
467	507
467	510
467	512
467	667
468	474
468	476
468	477
468	479
468	480
468	496
468	500
468	503
468	508
469	470
469	473
469	475
469	478
469	479
469	481
469	482
469	484
469	489
469	506
469	667
469	668
469	669
469	670
469	684
469	685
470	473
470	475
470	478
470	479
470	482
470	484
470	489
470	502
470	506
470	667
470	684
470	685
471	476
471	478
471	479
471	480
471	486
471	488
471	505
471	511
472	483
472	515
473	474
473	475
473	478
473	479
473	484
473	490
473	499
473	513
473	667
473	684
473	685
474	477
474	490
474	499
474	500
474	503
474	513
475	478
475	479
475	481
475	482
475	484
475	489
475	667
475	668
475	669
475	670
475	671
475	684
475	685
476	477
476	479
476	480
476	486
476	488
477	500
477	503
478	479
478	484
478	507
478	510
478	511
478	512
478	667
478	684
478	685
479	480
479	484
479	486
479	488
479	496
479	508
479	667
479	684
479	685
480	486
480	488
480	496
480	508
481	482
481	493
481	497
481	667
481	668
481	669
481	670
481	671
482	484
482	489
482	506
482	667
482	668
482	669
482	671
484	489
484	506
484	667
484	684
484	685
485	495
486	488
487	491
489	506
490	499
493	497
493	501
493	504
496	508
500	503
501	504
507	510
507	512
510	512
516	571
516	588
516	589
516	590
519	520
519	521
519	522
520	521
520	522
521	522
523	568
523	569
523	573
523	574
523	577
524	525
524	526
524	527
524	528
524	529
524	530
524	531
524	534
524	535
524	536
524	537
524	538
524	541
524	542
524	545
524	549
524	550
524	552
524	558
524	560
524	562
524	592
524	593
524	595
525	526
525	528
525	530
525	531
525	532
525	540
525	545
525	548
525	555
525	559
525	561
525	562
525	564
525	584
525	585
525	586
525	587
525	592
525	593
525	596
525	664
526	527
526	528
526	530
526	531
526	532
526	534
526	535
526	536
526	537
526	539
526	541
526	543
526	544
526	545
526	546
526	550
526	552
526	557
526	560
526	562
526	565
526	566
526	597
527	528
527	529
527	533
527	534
527	535
527	536
527	537
527	538
527	541
527	542
527	549
527	553
527	595
528	530
528	531
528	535
528	537
528	552
528	558
528	560
528	592
528	593
528	594
529	533
529	534
529	538
529	547
529	549
529	553
529	591
530	531
530	532
530	540
530	545
530	548
530	554
530	592
530	593
530	594
530	596
531	537
531	545
531	550
531	562
531	592
531	593
531	594
532	539
532	540
532	543
532	544
532	546
532	592
532	596
532	597
533	534
533	547
533	591
534	535
534	536
534	538
534	541
534	549
534	557
535	536
535	541
535	557
536	541
536	544
536	557
536	565
536	566
537	550
537	558
538	541
538	549
538	553
539	543
539	544
539	546
539	597
540	548
540	554
540	592
541	557
542	543
542	550
542	595
543	544
543	546
543	550
543	597
544	546
544	565
544	566
545	562
548	554
548	584
548	664
549	553
551	556
551	563
551	567
555	559
555	561
555	564
556	563
556	567
559	561
559	564
561	564
563	567
565	566
568	569
568	572
569	572
569	578
569	579
570	571
570	576
570	581
571	581
571	588
571	589
571	590
573	577
578	579
582	583
584	585
584	586
584	587
584	664
585	587
588	589
588	590
589	590
592	593
592	594
592	596
593	594
598	599
598	600
598	601
598	602
598	603
598	604
598	605
598	606
598	607
598	608
598	609
598	610
598	611
598	612
598	613
598	614
598	615
598	616
598	617
598	618
598	619
598	620
598	621
598	622
598	623
598	624
598	625
598	626
598	627
598	628
598	629
598	630
598	631
598	632
598	633
598	634
598	635
598	636
598	637
598	638
598	639
598	640
598	641
598	642
598	643
598	644
598	645
598	646
598	647
598	648
598	649
598	650
598	651
598	652
598	653
598	654
598	655
598	656
598	657
598	658
598	659
598	660
598	661
598	662
598	663
599	600
599	601
599	602
599	603
599	604
599	605
599	606
599	607
599	608
599	609
599	610
599	611
599	612
599	613
599	614
599	615
599	616
599	617
599	618
599	619
599	620
599	621
599	622
599	624
599	625
599	626
599	628
599	629
599	630
599	631
599	632
599	633
599	634
599	635
599	640
599	641
599	642
599	644
599	646
599	647
599	648
599	649
599	652
599	653
599	654
599	655
599	656
599	657
599	659
599	661
599	662
599	663
599	672
599	673
600	601
600	602
600	603
600	605
600	607
600	609
600	610
600	612
600	616
600	617
600	619
600	620
600	621
600	622
600	623
600	624
600	626
600	628
600	629
600	630
600	631
600	632
600	633
600	634
600	635
600	636
600	637
600	638
600	639
600	641
600	643
600	644
600	645
600	647
600	650
600	654
600	656
600	657
600	658
600	659
600	661
600	662
600	678
600	679
600	680
600	681
600	682
600	683
601	602
601	603
601	605
601	607
601	609
601	610
601	612
601	616
601	617
601	619
601	621
601	623
601	624
601	628
601	629
601	631
601	632
601	633
601	634
601	635
601	641
601	643
601	644
601	645
601	647
601	656
601	657
601	658
601	659
601	660
601	662
601	678
601	679
601	680
601	681
601	682
601	683
602	603
602	605
602	607
602	608
602	609
602	610
602	612
602	617
602	618
602	619
602	620
602	621
602	622
602	623
602	624
602	629
602	632
602	633
602	634
602	635
602	641
602	643
602	644
602	645
602	647
602	649
602	654
602	656
602	657
602	658
602	659
602	660
602	661
602	662
603	604
603	605
603	607
603	608
603	609
603	612
603	613
603	614
603	616
603	617
603	618
603	619
603	620
603	621
603	622
603	623
603	624
603	632
603	633
603	634
603	635
603	641
603	643
603	644
603	645
603	649
603	652
603	653
603	654
603	656
603	657
603	658
603	659
603	660
603	661
603	663
604	606
604	608
604	610
604	611
604	613
604	614
604	615
604	616
604	617
604	618
604	619
604	620
604	622
604	625
604	627
604	632
604	640
604	651
604	672
604	673
604	674
604	675
604	676
604	677
605	607
605	608
605	609
605	610
605	612
605	616
605	617
605	618
605	619
605	620
605	621
605	622
605	623
605	624
605	626
605	629
605	630
605	631
605	632
605	633
605	634
605	636
605	637
605	638
605	639
605	642
605	644
605	646
605	647
605	648
605	649
605	650
605	654
605	661
605	662
605	678
605	679
605	680
606	608
606	610
606	611
606	613
606	614
606	615
606	616
606	618
606	622
606	625
606	627
606	632
606	640
606	651
606	672
606	673
606	674
606	675
606	676
606	677
607	608
607	609
607	610
607	612
607	617
607	618
607	619
607	620
607	621
607	622
607	623
607	624
607	629
607	632
607	633
607	634
607	635
607	641
607	643
607	644
607	645
607	649
607	658
607	660
608	610
608	611
608	613
608	614
608	615
608	616
608	617
608	618
608	619
608	620
608	622
608	627
608	640
608	649
608	652
608	653
608	663
608	675
609	610
609	612
609	621
609	623
609	624
609	629
609	632
609	633
609	634
609	635
609	641
609	643
609	644
609	645
609	647
609	656
609	657
609	658
609	659
609	660
609	662
610	611
610	612
610	613
610	614
610	615
610	616
610	618
610	622
610	626
610	627
610	630
610	636
610	637
610	638
610	639
610	640
610	644
610	672
610	674
610	675
610	676
610	677
611	613
611	614
611	615
611	616
611	618
611	622
611	625
611	627
611	632
611	651
611	672
611	673
611	674
611	675
611	676
611	677
612	616
612	617
612	621
612	623
612	626
612	628
612	630
612	631
612	632
612	633
612	635
612	636
612	637
612	638
612	639
612	642
612	645
612	646
612	648
612	650
612	655
612	660
612	678
612	679
612	680
612	681
612	682
612	683
613	614
613	615
613	616
613	618
613	619
613	620
613	622
613	625
613	627
613	632
613	651
613	653
613	663
613	672
613	675
613	676
613	677
614	615
614	616
614	617
614	618
614	619
614	622
614	625
614	627
614	640
614	651
614	675
615	618
615	622
615	625
615	627
615	640
615	672
615	673
615	674
615	676
615	677
616	617
616	618
616	619
616	620
616	621
616	622
616	623
616	626
616	627
616	628
616	630
616	631
616	633
616	642
616	646
616	648
616	649
616	652
616	675
616	678
616	679
616	680
617	618
617	619
617	620
617	623
617	628
617	629
617	631
617	649
617	652
617	678
617	679
617	680
617	681
617	682
617	683
618	619
618	620
618	622
618	627
618	649
618	652
618	653
618	663
619	620
619	622
619	649
619	653
619	663
620	622
620	644
620	649
620	652
620	653
620	654
620	661
620	663
621	624
621	626
621	628
621	630
621	631
621	633
621	635
621	641
621	642
621	645
621	646
621	648
621	655
621	656
621	657
621	659
622	627
622	640
622	644
622	654
622	661
622	675
623	628
623	631
623	632
623	660
623	678
623	679
623	680
623	681
623	682
623	683
624	629
624	633
624	634
624	643
624	647
624	656
624	659
625	632
625	651
625	672
625	673
626	630
626	633
626	636
626	637
626	638
626	639
626	642
626	646
626	648
626	650
628	631
628	642
628	646
628	648
628	655
628	678
628	679
628	680
628	681
628	682
628	683
629	634
629	647
630	633
630	636
630	637
630	638
630	639
630	642
630	646
630	648
630	650
631	642
631	646
631	648
631	655
631	678
631	679
631	680
632	647
632	660
632	662
633	634
633	642
633	643
633	646
633	648
633	658
634	643
634	658
635	641
635	645
635	657
636	637
636	638
636	639
636	650
637	638
637	639
637	650
638	639
638	650
639	650
641	645
641	657
642	646
642	648
642	655
643	658
644	654
644	661
646	648
646	655
647	662
648	655
649	652
653	663
654	661
656	659
665	666
667	668
667	669
667	670
667	671
667	684
667	685
668	669
668	670
668	671
669	670
669	671
672	673
672	674
672	676
672	677
676	677
678	679
678	680
678	681
678	682
678	683
679	680
679	681
679	682
679	683
681	682
681	683
682	683
684	685